23            1              385           1 
89            1              451           1 
42            1              375           1 
94            2              442           1 
82            2              373           1 
78            1              471           1 
97            1              438           1 
32            1              399           1 
98            1              464           1 
84            2              321           1 
73            2              303           1 
97            1              317           1 
43            1              335           1 
93            2              376           1 
82            2              384           1 
43            1              345           1 
37            2              456           1 
27            2              390           1 
42            1              401           1 
48            2              288           0 
87            1              368           1 
89            1              496           0 
84            2              340           1 
48            2              361           1 
23            1              436           1 
49            2              477           1 
27            2              474           1 
28            2              382           1 
87            1              420           1 
28            2              388           1 
34            1              349           1 
78            1              340           1 
94            2              362           1 
24            1              385           1 
79            1              390           1 
49            2              401           1 
24            1              416           1 
37            2              433           1 
72            2              624           1 
34            1              422           1 
32            1              380           1 
72            2              338           1 
73            2              359           1 
39            2              414           1 
39            2              448           1 
79            1              359           1 
93            2              344           1 
98            1              495           1 
